923218345947
923167509998
923005262853
923366507716
923036768005
923354282232
923211474675
923006910064
923346969792
923095607469
923354180552
923364766140
923175013661
923074182631
923234421105
923456370492
923354432607
923328155243
923066351026
923334384311
923368728774
923054332799
923349984046
923230000321
923003803555
923219403170
923334138383
923238895358
923338642678
923016198090
923214230814
923060696253
923344188806
923344442332
923324141815
923136009905
923104646278
923216849000
923214017301
923335863051
923214447878
923089052247
923247636378
923178083692
923230110053
923438664090
923094010096
923066607274
923150005356
923354452317
923244586430
923338000982
923448648160
923170829877
923008406620
923337516753
923133006117
923324224951
923487218592
923127967240
923334369826
923364648897
923334379803
923208449824
923218827962
923335196818
923160145268
923007781756
923244895659
923000955439
923244553878
923369627996
923094029165
923364412468
923224819989
923349398788
923203139903
923214298302
923244009111
923014393104
923211144842
923004522789
923334126171
923034073623
923204462711
923217969723
923237987434
923379917030
923234930189
923154326171
923247658276
923314830394
923337768121
923224276124
923114034360
923474026507
923244914933
923026302264
923125079198
923315780853
923364732307
54743635610
923474181993
923346508860
923324749994
923055695669
923057685831
923328446022
923346136225
923139401135
923006764468
923214892427
923160492757
923486609265
923427555004
923003322003
923214343138
923015293158
923135208072
923338763227
923028483198
923024706607
923364570935
923458550223
923129400304
923152550294
923211014292
923231491482
923013474444
923317634470
923040118329
923134067171
923464343587
923052374880
923226053826
923344376997
923310421124
923224690855
923067867562
923324425122
923044608100
923151399999
923354545028
923349800607
923047246361
923319644808
923084177902
923310407075
923054089146
923324715511
923340778869
923218877483
923481467557
923454086616
923060857400
923248416161
923030117560
923234391204
923374670368
923318000862
923244902690
923084413880
923339458222
923327296845
923327555272
923491416749
923222250602
923334922399
923334614426
923367326126
923405588544
923337154815
923244538078
923214299089
923009406009
923104840199
923218855258
923329494380
923234575650
923224533513
923224443473
923204180058
923474599963
923404206002
923365695252
923454087687
923351149765
923204023053
923324636608
923232246505
923314352170
923324752874
923487574067
923354063843
923237237621
923026868487
923004165253
923224218749
923200473156
923350548491
923334218898
923004561126
923213450000
923357891052
923108051295
923204131188
923017600069
923094562689
923446768511
923320428015
923231483209
923006940346
923214560928
923316714178
923360453645
923219462856
923206260601
923116363004
923335863336
923344049297
923244517788
923367202404
923137222727
923356212400
923341225777
923350461719
923346420823
923204352586
923354082423
923336204544
923006179027
923227870008
923457681799
923120175335
923244812202
923310421168
923354608362
923137550209
923222213838
923056478330
923003344111
923314166201
923346360335
923234842626
923034374399
923334379483
923214006069
923324400717
923004486799
923002739895
923456595844
923340003292
923354747893
923228058069
923244988264
923314920195
923204674227
923224968727
923344618065
923007520486
923451411676
923338581762
923334793098
923117968896
923336706448
923314548752
923008440743
923248453894
923217210720
923338168176
923354234575
923228646658
923014279014
923431483400
923334535155
923217900543
923204039644
923367753313
923134665634
923214873627
923336527124
923406288247
923244577091
923044750975
923004893545
923346446645
923336962681
923327163069
923470185113
923357072597
923346760850
923496007337
923324450494
923214855684
923377307748
923036666164
923008392993
923357446180
923225029570
923459352894
923054074399
923347367778
923451304829
923414244993
923214051799
923338408308
923244045554
923085971246
923214171583
923222051234
923234078845
923056539901
923244575724
923334591124
923318432021
923234833299
923331439463
923205899004
923366008282
923334020700
923356145895
923417130399
923345269944
923018467257
923340636417
923008047151
923235209688
923138851352
923344594629
923334824917
923355526995
923335277503
923235862233
923009767575
923334446878
923214598040
923434017727
923246572494
923248441786
923314864086
923218479947
923217076048
923346372752
923009678644
923044638444
923404135907
923314274247
923364562229
923214200937
923334707731
923244866678
923000671000
923314742453
923238659696
923338265503
923004339119
923248080821
923212255004
923357552344
923018415249
923134631162
923377131515
923118646675
923134746600
923134514462
923364565836
923238483844
923077070304
923074435709
923013566663
923075186738
923341047317
923211401936
923334504057
923344603601
923164676710
923404450106
923349369664
923324665051
923334448896
923244279954
923224039023
923435001173
923204105555
923114884547
923354540464
923331642950
923015662000
923004212072
923000400279
923244208258
923214967176
923347800535
923000061141
923009684393
923114065035
923008770300
923224935363
923228126465
923215373441
923436379990
923217562865
923234587171
923328843069
923200001181
923075489619
923044279591
923328007333
923346662190
923078773779
923143419296
923414120355
923440442424
923151462895
92306989034
923361049666
923417806534
923002434172
923028441119
923044872978
923326233301
923174633735
923228668819
923234072879
923234411149
923006201004
923126448863
923406113446
923247247737
923205933779
923085176675
923216882196
923224100956
923228681044
923218343997
923331222938
923327455378
923244839777
923066528274
923405618214
923000405514
923440666144
923224941800
923349969686
923238457746
923334886680
923214040373
923234749687
923415602028
923015576396
923218880432
923066146994
923374865438
923214476262
923312353093
923224661042
923224826887
923005354995
923084296962
923314020935
923314296903
923344507296
923351413017
923053979382
923218481527
923333888411
923338951055
923319822556
923041404717
923454309893
923150460652
923123905444
923348144890
923214743633
923318333233
923349934707
923336825652
923216002537
923201479613
923134238682
923236688786
923139892217
923354017003
923324916949
923364555323
923016525349
923465315449
923039596691
923047140323
923044958189
923036812769
923006677401
923226412415
923114162774
923354281518
923124600473
923209838686
923038412384
923211040211
923334047453
923046996514
923249464800
923216154408
923066885288
923241049528
923063809193
923222151997
923094883666
923014558868
923334608540
923336361214
923069605400
923124187140
+9275650589
923164100727
923045372990
923166594051
923344545855
923354385730
923218832648
923219818101
923004244095
923319676391
923217592939
923169772535
923205858255
923354696691
923164251196
923004444228
923214540805
923338165253
923405018473
923177924144
923224853874
923214900179
923357005115
923004458337
923035389958
923168307816
923041006241
923219999031
923244049487
923129871096
923333398984
923224703119
923494811853
923476662004
923224304079
923164955348
923158382676
923169134009
923354954403
923420083181
923488503323
923204431821
923324602784
923368013201
923441040486
923068709139
923234922874
923320624579
923246634719
923228496432
923364311998
923018413334
923211118288
923454467776
923164191829
923346120501
923476251775
923409000012
923244479006
923216488401
923004346572
923334314361
923046317515
923015568643
923069616110
923314777920
923234442809
923334563960
923219481519
923341520325
923319615147
923204459155
923318782745
923338074343
923204046554
923356351691
923311147072
923315194900
923200208540
923342244510
923349447544
923035959839
923231495897
923238807419
923064068869
923219489009
923204840253
923096607043
923234303842
923364960191
923404250276
923130433500
923106453363
923161432452
923064926700
923202480480
923008424171
923174331404
923049682166
923124220350
923324811663
923474072427
923349954923
923330474472
923201414840
923005231451
923334727201
923224684554
923034449750
923164443352
923368780264
923344075683
923017607193
923489155547
923224435367
923314509600
923189492896
923366545309
923249422261
923204673813
923231413282
923234186898
923314179667
923224488088
923244650720
923104468558
923356123142
923016656512
923211015610
923084545421
923064305200
923009477505
923225671616
923474747735
923000436269
923207748933
923244139021
923134408626
923474737160
923244252441
923204676725
923114009880
923058831522
923124158713
923446463683
923064434344
923104090696
923046544669
923045015704
923057775559
923228496249
923088649151
923334797976
923336622760
923005111334
923234204399
923124432971
923236206952
923332578296
923218353235
923033224427
923224725290
923102080107
923325254440
923415671594
923211483936
923442354879
923334518004
923032671343
923434115848
923441010074
923134522799
923451442524
923064018091
923134469385
923067264040
923228414450
923060839384
923069223492
923064006473
923334313187
923234302058
923036525881
923204308342
923316661033
923216416428
923234409546
923334203882
923454153155
923314113685
923468681302
923004613365
923238881422
923227212130
923350491106
923224668884
923356628436
923018443234
923494888446
923338101066
923214253110
923310338835
923024076741
923314188596
923364555391
923004315797
923008078672
92307070134
923085689876
923000973972
923017265774
923332033325
923368040518
923334118370
923218881233
923054653067
923114193895
923344485782
923346379677
923247796601
923244720032
923236726274
923334508020
923244341967
923364399324
923044832689
923214753675
923361063336
923218874322
923237373473
923224640262
923005136696
923314204106
923334226881
923425656347
923008459979
923314857905
923005445567
923421048940
923321451025
923064814211
923316789101
923331462688
923024841194
923324186105
923249470459
923334931436
923341533971
923354058248
923238855050
923175261352
923344093237
923177463262
923441115019
923120119440
923219889408
923037575393
923237510725
923222666680
923244416616
923344200778
923314814797
923350875572
923111599975
923359999197
923314493163
923335853162
923454226261
923314324449
923008741041
923310427197
923344369321
923224985919
923424760689
923014122028
923214876524
923009672090
923067699614
923008662802
923065496358
923014469912
923126022821
923034101320
923039042761
923350623353
923314023232
923009678008
923004980603
923039753430
923354373438
923417441370
923244382739
923204103366
923058797342
923334424012
923450790056
923216666987
923204123959
923236944002
923204719275
923324475545
923248451274
923214626497
923354777111
923038941109
923074478179
923366422080
923334611172
923321451556
923054839090
923004373327
923104599427
923070116564
923360027772
923005017330
923212095867
923244700797
923239488894
923029354858
923044033700
923014578771
923234437348
923224125926
923064232069
923014877174
923054707171
923324228664
923214928865
923224104606
923094010069
923134723744
923444335300
923064330859
923450662797
923368283784
923163295500
923224165550
923064140963
923238606074
923003000723
923007412025
923018717800
923009493810
923037492012
923349891520
923454092235
923061111291
923350077223
923045923162
923074701859
923416536414
923334547309
923364111299
923238420000
923029174899
923354401314
923213003388
923105156669
923029296792
923344107150
923204024727
923224198798
923214789065
923457740545
923338123444
923441117781
923244381242
923234455326
923247636817
923028691338
923004887358
923364119946
923065438867
923339771362
923064253573
923244272165
923064114143
923214033939
923004820264
923104288656
923008160492
923324261765
923066777777
923314716997
923007087778
923331554588
923075997754
923034105206
923025009611
923017243094
923234909035
923009482340
923204885807
923452056860
923028984025
923211142797
923128236198
923076773074
923227060618
923328485589
923004276727
923032923019
923066611329
923008040572
923444147965
923324100807
923214437066
923174027403
923406222267
923004104307
923124010829
923054186162
923235222621
923224241033
923314865518
923244699019
923416663923
923237448371
923086404283
923007079247
923206952512
923477018206
923214704157
923149495725
923201452437
923054177096
923360434311
920544521670
923054596856
923214894184
923014790477
923340407300
923214475425
923494162816
923224701670
923324885568
923400455476
923018751684
923334937579
923354689871
923354899169
923314826573
923153992999
923214111590
923334115804
923354549225
923201447659
923247100387
923154165248
923322000506
923224805735
923067179033
923214483253
923349929517
923004067746
923324589257
923231486144
923214076633
923228432695
923218481903
923209471303
923037075222
923349140033
923466303736
923042251530
923216033018
923334554097
923208596410
923147265414
923459838383
923349758033
923028696300
923364165191
923316964455
923224849959
923003175555
923211426666
923064080803
923334455205
923134183183
923454954954
923136782662
923351454002
923065200770
923364004235
923214211103
923174008848
923310061282
923164874158
923354138025
923314544211
923494710940
923094298385
923164954383
923234274571
923087300492
923244592992
923334724658
923114147409
923217921254
923354915785
923200778777
923334714774
923044550505
923310440344
923219501353
929274661728
923314475510
923218490346
+9235759190
923104373236
923088629820
923014386023
923244998859
923312304666
923105408953
923167374453
923004718647
923495479821
923324567833
923354363943
923231488307
923084796170
923314742805
923333778003
923343310550
923485579664
923124050058
923048705183
923364639999
923486040853
923075002011
923057225957
923234988427
923246416550
923225044440
923424052208
923116412330
923365336099
923355715601
923038947799
923400150033
923356395114
923164504301
923018259312
923127855232
923334825013
923012684845
923158012344
923318339147
923118388285
923376004200
923219995678
923164705355
923215669266
923224992130
923075342924
923404237729
923480684441
923454004002
923216584945
923024748410
923354167335
923200457223
923007535889
923351481451
923324890438
923331678544
923034282133
923329031820
923440685122
923078682300
923248411385
923212224123
923154388894
923374865492
923018885241
923028494272
923366555412
923374634172
923004442606
923214603449
923006038124
923214887025
923358615220
923127658723
923344073344
923349771512
923200453600
923219490963
923244504609
923047136094
923084477252
923006362093
923238966555
923314338446
923214659694
923030942274
923009507666
923155909177
923116559462
923339258448
923007510473
923005516131
923214601684
923006161619
923425727033
923224607777
923224705105
923214130871
923411450548
923134666453
923215588795
923044964547
923114611039
923024624148
923241497394
923004625501
923161420244
923324189485
923069633730
923474244453
923324234214
923018013885
923047627831
923174015372
923096446171
923219603024
923223071633
923007628275
923234841818
923204489654
923137132345
923324757022
923403803071
923224036123
923324390694
923134802001
923202692695
923219476404
923056323131
923324666025
923074512426
923047926998
923153221777
923326184178
923336481501
923344775156
923357299720
923219783764
923403301155
923472079671
923346442630
923120667946
923218814802
923136844929
923061230089
923082386888
923082968970
923111350171
923007869714
923104444480
923213463404
923341146556
923351590885
923104490974
923144464448
923348019393
923238479429
923324002043
923223224679
923225577551
923225664603
923218639475
923046437837
923224013773
923012555618
923214994718
923316346289
923324467625
923234498831
923349934338
923224765006
923209468864
923228415546
923004215841
923204900660
923209465642
923214002898
923331439357
923354666239
923237307113
923008800788
923234720559
923374865453
923204301223
923217192247
923450202125
923211441584
923214206527
923224592880
923420025433
923314634003
923314071801
923222208982
923104476900
923070461352
923349384554
923018668668
923034221424
923126215709
923231419952
923336530953
923108801508
923368851858
923454107763
923154280707
923330432810
923344227085
923228053631
923244041449
923334430684
923222228560
923494941244
923004369594
923218459648
923321409689
923322200752
923214494095
923234337134
923244729410
923066307765
923016666222
923316143608
923244683918
923037669737
923325041500
923097713134
923229895441
923130189253
923218477911
923498317050
923334362779
923349326505
923000434424
923331426042
923334664200
923364429669
923007393830
923000777991
923228627766
923043441732
923041152189
923044037605
923354199800
923008441899
923470505291
923124375678
923204840860
923055849776
923334798464
923164775824
923244632373
923364761897
923114008148
923244056372
923314141688
923364662022
923081626211
923084459977
923369045049
923204026248
923237017329
923227274282
923334193498
923324912709
923004148888
923467693193
923477734277
923331468809
923154038687
923044422000
923219449500
923204338046
923014073306
923355442500
923327972822
923224564200
923030460551
923214002785
923134891626
923344611452
923449709001
923201484108
923234852826
923237933979
923354547280
923324541865
923424716693
923378010999
923006599222
923064666601
923244822983
923224229767
923324596427
923316555220
923334327314
923214131219
923044047764
923454998990
923317770367
923214451721
923364235004
923244378381
923074201104
923029439973
923234945035
923104838612
923344278996
923004299790
923004104465
923035035822
923104943134
923313820844
923224747195
923214810300
923040144212
923044193252
923074201600
923244895247
923370401062
923234779405
923244465285
923401503573
923214653501
923248662212
923400020648
923024594136
923214425236
923313870251
923120758305
923114736776
923041244157
923320655451
923004989956
923324302323
923134442786
923324418623
923218415245
923174877014
923244359952
923006738282
923204522390
923004383451
923219440648
923137907411
923314455447
923360343433
923164662940
923354383980
923007924797
923008537001
923009386059
923334381718
923484218842
923007995151
923134014511
923217067278
923344542792
923034889280
923016584992
923004658833
923479546900
923114736487
923214717871
923234915544
923324888922
923366724232
923331270492
923314639669
923409173557
923350920215
923349832293
923344783324
923118661452
923000881188
923209427727
923356306054
923041273037
923224040920
923003943299
923334503524
923117086142
923419603617
923478418709
923164411392
923334711134
923007741200
923244354455
923244881150
923350466645
923212220599
923226915797
923054007097
923244549020
923056913686
923334178054
923368358535
923009461079
923135988814
923324110467
923211458132
923067006366
923239997581
923095272604
923164311173
923494372904
923088142445
923074587153
923134393943
923247203697
923214758057
923324504580
923400451009
923134809296
923367698404
923216994798
923231489334
923320660929
923335185897
923136677654
923039135738
923204503277
923367552266
923488689409
923334246179
923434500159
923364310019
923216841115
923330736969
923006523529
923070479901
923204840371
923204463108
923164622431
923325182707
923024492077
923314294966
923044633396
923315193594
923357684545
923234313808
923238477377
923028661685
923228483511
923025301111
923491446898
923204408899
923244499727
923174210216
923230044315
923204309697
923208420953
923154797395
923334776503
923454943333
923333726692
923216594095
923129674317
923064698058
923069419386
923350483327
923244668360
923238496437
923226369660
923356611175
923125869682
923223777156
923061009270
923034318881
923314933172
923354531559
923374890404
923236820007
923338131197
923160469244
923315558070
923054962751
923007666602
923364312676
923204414440
923366019976
923204422069
923014509008
923236313563
923120411550
923345623222
923244758764
923328854536
923164838663
923487651617
923334547493
923107897607
923316509797
923018171373
923320655343
923096567528
923320044001
923206914363
923400405895
923324169945
923034048334
923034450466
923314107710
923314464765
923218867080
923364405790
923069699617
92322626092
923338444565
923213191998
923224640567
923244956784
923088419023
923344326090
923224445544
923237774300
923334448894
923244705633
923331413195
923238869102
923345007958
923035959252
923054076737
923234088380
923104604963
923084643638
923234407100
923234674576
923080481868
923225962100
923008534308
923328464176
923228408512
923224355594
923117066295
923245281704
923344132101
923117503117
923026473142
923067043273
923214592872
923014475799
923200001230
923218483934
923034875188
923204363983
923134846611
923353100600
923204352463
923214217156
923357525050
923320849221
923218407403
923339550765
923331585693
923000960012
923484855537
923338000765
923128333797
923234405456
923237411657
923434040743
923404210826
923007153555
923076232173
923076247174
923064424279
923334660958
923218640030
923125609638
923333359053
923004151200
923244060081
923064419122
923237522918
923314239650
923068800425
923236191053
923211185561
923349862352
923214800833
923336746125
923354667518
923048500589
923003025954
923146660004
923336785274
923488848637
923044221071
923244143657
923339938428
923233050000
923477545556
923064537002
923351415057
923474338398
923061550313
923214256952
923478073975
923209485067
923244411225
923003342465
923430057407
923234478869
923064905289
923060427229
923009415978
923376040479
923030276790
923018418585
923336502826
923234307717
923434747403
923368734524
923348744386
923129928365
923234336506
923028651865
923318848950
923234775169
923460051412
923207888860
923009438771
923358200064
923228006082
923204645466
923085401540
923234394186
923239106555
923334439950
923214657200
923024111500
923324911063
923227610345
923071886883
923154324031
923053935449
923016244554
923128989837
923065205181
923126644200
923333369249
923101489286
923213210093
+9233644859
923338642462
923245192123
923203844818
923470433639
923214963951
923064084979
923244165426
923456322880
923174600142
923214022229
923014245884
923224571097
923234939552
923224748049
923324777438
923330481822
923376291150
923002973359
923434122234
923235774949
923451019901
923219259491
923244479601
923229999409
923002638063
923224324224
923204102415
923438801699
923236527262
923425878082
923124926594
923204850373
923074710752
923214283578
923016619615
923008035933
923002000437
923466512319
923314245557
923064543468
923321562222
923018454181
923430578334
923334355162
923248468578
923339609996
923045470138
923064426469
923224883875
923018383029
923419602717
923006000040
923331643103
923008017833
923061253510
923014591122
923228005193
923214804369
923208833177
923219454973
923153202427
923236897863
923217050760
923224381816
923366766825
923324718861
923490826143
923024220635
923204096813
9230118448283
923084440050
923483915356
923214111169
923340040192
923464100082
923440555951
923204594883
923357265242
923211435000
923224844420
923233300111
923226572221
923244672866
923214313022
9233204576445
92317644143
923083555177
923334232252
923201044929
923343420783
923314979999
923244639337
92332111160
923204816332
923334193613
923335825629
923008067643
923028685858
923204600556
923457222308
923204301108
923004188536
923044451003
923165286712
923354063056
923331414678
923034577701
923204046121
923484792076
923024299355
923174228662
923202201494
923214432223
923318986100
923074032411
923207472289
923360647160
923248468807
923348484596
923494702135
923000431398
923104089990
923326277893
923480800037
923044527916
923144421839
923053977217
923067777349
923064447702
923348143376
923319748866
923030166013
923184026568
923204808563
923334500140
923330436546
923136211241
923056060901
923324079262
923209490078
923004100259
923225219228
923017048625
923222111823
923407880094
923214944641
923004110449
923338935343
923006921257
923084770950
923097859643
923000687808
923314486806
923419637912
923496037237
923367350584
923333553313
923214905973
923018036288
923224026910
923004186218
923026910047
923000594105
923222288833
923438821639
923155235956
923370373530
923336952306
923064919868
923314667453
923379752006
923335510133
923060657714
923044022702
923334628034
923317172128
923364355299
923349421810
923347929888
923214932783
923343214400
923324008709
923311334568
923219018400
923362161247
923093176515
923224073509
923084863719
923334335512
923044823378
923224172263
923319973320
923338230239
923014229998
923077567171
923244582377
923000872677
923064293220
923343493045
923024239994
923340464656
923340999908
923114024348
923324527934
923364492816
923456662111
923324484624
923314856920
923078897781
923356890304
923204112947
923211043346
923214663419
923334949852
923234464646
923214903883
923204431572
923354478607
923164572548
923181668188
923224941217
923167647834
923471887472
923124594458
923230480000
923009690572
923101518310
923244084848
923330753598
923485841480
923235205217
923416050045
923310406839
923084837181
923078865601
923364086550
923231460282
923064407112
923212380803
923310487760
923234139960
923484159984
923127372112
923326341942
923084573457
923064555799
923234681371
923084274051
923065658448
923144221508
923234907932
923234411111
923324851557
923344025427
923218414422
923124072727
923244461010
923340343536
923038558441
923028441324
923084656565
923348199718
923014802121
923349451600
923237500654
923354256213
923219494325
923214636114
923218433434
923000631968
923006460857
923228486887
923214900615
923249213408
923367980233
923226784601
923034102224
923219553692
923022426176
923124825479
923116821711
923053044434
923072607803
923034397987
923104480497
923214324133
923214174014
923334956001
923457591313
923224180478
923167916616
923105492293
923216505162
923354768966
923244124125
923164777558
923465350557
923004791509
923404087795
923356307412
923334645862
923227568858
923064552242
923406333971
923408788463
923224922039
923354454127
923327796316
923322427914
923151233209
923096607194
923406740634
923338473228
923077778200
923246100477
923054115199
923099994988
923368666615
923008453581
923095600779
923334891614
923145255933
923114293659
923086664446
923209441111
923349766031
923354622206
923234233422
923234071000
923214907286
923074757873
923214866117
923248466189
923247585264
923054697995
923219409910
923314201104
923214100539
923244017019
923214741820
923333715151
923144060966
923174017002
923310439326
923454233724
923055607280
923235675566
923484460068
923369459264
923330461732
923025530343
923114772727
923000945487
923332131349
923234926048
923441101199
923334461872
923364177349
923238333303
923089261294
923054639222
923084355066
923036040485
923344447419
923018407434
923017482837
923334375027
923328703202
923016041887
923074501102
923434682030
923355073217
923216925365
923214167884
923244569695
923324113667
923000928721
923154030640
923052424403
923214289490
9233554711998
923330147717
923014151705
923366137818
923454210210
923354475808
923104711511
923224200731
923124439963
923016290868
923149449468
923314960694
923241481098
923215705475
923029173421
923044569324
923150407296
923094112487
923316789608
923338636513
923328569900
923176249560
923239620962
923224116827
923137897449
923114005600
923234419047
923334158859
92304299229
923214690994
923356949999
923339999351
923117733194
923339638182
923154121485
923406113482
923224881484
923000430505
923491162622
923314515414
923155133005
923074688337
923364209306
923034188803
923154922253
923334066998
923177114537
923208500559
923244964738
923200505001
923004569996
923204668749
923404711900
923211011114
923317559942
923234636767
923204352563
923004556040
923164143214
923125264269
923214245877
923338343596
923014884181
923042047297
923084789170
923224375636
923214567525
923248411749
923232861658
923324399809
923356376335
923064650373
923460141181
923310044540
923202982201
923234570759
923451974197
923214566940
923454555707
923004973333
923318607971
923000657641
923371426515
923214095954
923214109498
923431283873
923164191928
923236982851
923018951574
923204040727
923247607149
923204702596
923004259262
923218482724
923315609797
923066773705
923074654144
923204056673
923047823598
923224984452
923228088814
923234244276
923042422626
923244940897
923364659159
923078809985
923124556807
923134187674
923244663396
923200412054
923335114084
923064046040
923223777895
923204528455
923314435998
923209436808
923224252788
923004538229
923024753362
923350891111
923224239925
923237468109
923244303041
923354493213
923200000402
923076660039
923330481301
923244447452
923304086518
923204409973
923202642707
923214336194
923334334717
923244441392
923218488147
923204324784
923322663332
923374933301
923234433223
923216929766
923064404669
923236888908
923126302121
923414752880
923244801458
923236256082
923400423434
+9234571130
923014497746
923214731964
923458777352
923234921596
923476347494
923083531334
923405186715
923356800827
923118599888
923347449944
923315656300
923314003285
923363637863
923328690707
923028863830
923459775767
923044971379
923244956793
923066399996
923164840018
923355459995
923014635130
923244881104
923094030661
923365219678
923244628946
923005213854
923224402511
923454104548
923008777720
923454028747
923351641350
923344611930
923122104568
923214229810
923334350302
923358711088
923024212437
923157960818
923134125408
923168840200
923344000427
923204426161
923224308358
923204648362
923008453003
923002976246
923224363078
923224970745
923477145226
923458463395
923444235160
923484448199
923244806398
923332990685
923233397000
923242093337
923365980948
923314111864
923211111704
923234563899
923216211696
923214942025
923415654688
923364568183
923155120777
923204151057
923074604398
923034894891
923215053287
923334187288
923114130776
923350640823
923331693806
923207746000
923096807106
923215353721
923245492200
923326662337
923244241400
923331480052
923218434461
923224211724
923219977740
923068807358
923214365959
923234347969
+9232041623
923314333290
923344621148
923360113338
923234296299
923333006716
923323739921
923330259346
923338538034
923037617906
923341829681
923200433479
923034388664
923214502668
923334644962
923008424564
923082427380
923234744573
923350640821
923364112837
923004277683
923234441966
923334986876
923004433740
923244157313
923204635972
923009430858
923209405662
923227209840
923074002085
923088561002
923174598770
923338441760
923214142330
923234183567
923464322239
923029209320
923350644677
923046920075
923354303919
923434793379
923217352893
923324013092
923336976782
923005097567
923324633388
923342811517
923134813223
923415264474
923218843472
923456383701
923370416621
923355582923
923231497495
923271154770
923146310545
923334255088
923338777414
923060828929
923214499487
923024103849
923014230065
923469421249
923008844903
923358737247
923224643132
923458546418
923334595382
923004838900
923338185232
923004812363
923009449260
923154383289
923314555746
923337838102
923145858090
923054601449
923225874384
923095472729
923245290108
923218517253
923004251112
923160458552
923044653802
923014737570
923238818843
923459600026
923088014242
923324579394
923118361908
923434344555
923135765433
923427692003
923356640510
923214830634
923458200637
923356686779
923354195025
923364257776
923234980668
923086508480
923366175919
923029618478
923318757522
923036831362
923338493797
923138931452
923200406575
923217519596
923134232406
923244174869
923143578006
923070422790
923013113266
923044658589
923417581705
923347505270
923000182429
923000436353
923105000001
923033466956
923234207080
923224663197
923244424062
923334271717
923214441392
923334038373
923216476571
923007861447
923054771447
923231496631
923364014847
923416669507
923367345668
923124034312
923204417987
923000425673
923047762377
923344541032
923214818037
923108866928
923454228091
923203200011
923235007000
923214222248
923404597578
923214768269
923217384242
923074549090
923233622277
923064188311
923457040295
923007802424
923054000644
923138813001
923041188388
923228494340
923467994949
923244488723
923337672999
923043001330
923429333355
923231496120
923078850943
923229944444
923230434029
923174303014
923374903031
923057216996
923078980370
923468992200
923078847414
923204165155
923059246860
923129670233
923007481857
923314805388
923204160209
923360654088
923318837757
923060494104
923456698020
923015444478
923154808433
923476089754
97336179073
923065313137
923030647474
923074398398
923202665502
923334440760
923233000361
923208414494
923083852702
923172119111
923029375898
923244936819
923040480845
923154227619
923224880719
923024017772
923241484877
923353111091
923014212333
923136101012
923334541518
923353307854
923085580363
923231490854
923017241984
923215679086
923336450327
923134994044
923003381763
923121433169
923227871241
923004281158
923168197981
923032111216
923321616145
923341261505
923224636570
923360936152
923004000303
923333110061
923126632448
923407757766
923414627627
923214221511
923009474773
923321978212
923454080751
923006546700
923219403117
923334749038
923330615097
923365199899
923110612542
923215589944
923340007006
923246554298
923218668845
923032840082
923433200706
923204511454
923164585638
923438433381
923074945410
923016895006
923004236959
923134649205
923117000640
923238482236
923430985416
923412565656
923168738784
923029884609
923018089099
923017369933
923472112030
923364134935
923209072457
923087111134
923411638000
923244649133
923314492407
923085675784
923216500014
923348433688
923234187720
923344275725
923214580115
923354450155
923005529599
923339531808
923227084439
923235778943
923008499257
923447067759
923224352297
923204636855
923244716101
923044679989
923326995960
923324443209
923007744900
923334517272
923004108243
923350636283
923018457640
923350525251
923009581958
923004646606
923248400849
923244479603
923324692422
923060426848
923334318670
923350642327
923029319097
923234133152
923424297622
923077860780
923334003140
923127373616
923424210001
923344033600
923425515545
923214611165
923334222629
923234147060
923326677833
923488229770
923003893012
923304134264
923060351206
923234011715
923320606920
923070158046
923231484458
923438252311
923374888036
923064105465
923368124488
923324728487
923324774644
923084898669
923101575757
923334878742
923237398729
923314474215
923145271907
923224506311
923224684737
923224841814
923074565292
923095484184
923007842088
923045356340
923114516060
923328862778
923374641401
923235090408
923314101343
923218816381
923244722001
923004270160
923006953812
923337622025
923234403244
923318733785
923334642286
923014743530
923338753949
923228876978
923096773785
923244379058
923224571968
923354878787
923074440355
923344261339
923048006424
923008714557
923000415087
923230011925
923354486920
923244459898
923084748795
923316334824
923334366605
923087927741
923060474673
923334474688
923354486927
923231410330
923243000670
923336189125
923117499278
923344108550
923337772694
923022540053
923134423836
923228881710
923003468342
923054116108
96599418919
923216431162
923147775947
923054533703
923070477903
923451660559
923454752523
923354587570
923134751984
923088400715
923427700851
923012498300
923044618133
923330442463
923224226622
923124355509
923077771515
923351609664
923028438800
923206871127
923212573869
923217517515
923204901815
923310166376
923229447724
923043854022
923474238003
923214482481
923347555232
923009415339
923497374957
923064418744
923244809682
923218433839
923554662343
923004144576
923177121303
923217422066
923060221132
923335727373
923200516583
923354780172
923049679463
923102102645
923248474889
923133331739
923224176256
923231483421
923317281100
923217404769
923224073914
923339061144
923334827487
923227414250
923164516920
923070010632
923054155940
923092584010
923084192992
923228899008
923334444768
923324953342
923214582359
923228082107
923322888013
923319784622
923224588274
923004878006
923367193490
923054387511
923008699309
923456629629
923004284280
923321444730
923280026090
923318452912
923348183642
923146067763
923238125000
923415172681
923204843811
923054685023
923232455866
923346558177
923014141398
923234058747
923054608245
923346155152
923344527734
923438297739
923420409868
923341312999
923224860554
923338649777
923454847737
923214741198
923204141935
923485207679
923005460927
923202720007
923064005590
923227814360
923061239951
923164282030
923249423400
923026549126
923104829946
923231483206
923225000052
923403291659
923402446562
923005141794
923222157984
923424233956
923246635132
923435273362
923224132527
923244187190
923014011798
923244285024
923115339000
923238446438
923024327431
923130656586
923454401768
923244317442
923014419090
923030657637
923237078314
923027695278
923018843085
923248436214
923054611572
923064428858
923336077705
923229487224
923214168798
923404905024
923464660010
923047017270
923023128282
923154069828
923034766033
923480457259
923219513361
923008429129
923005178090
923348007605
923234990911
923004253558
923209476782
923027272727
923325657666
923334420094
923473265950
923064449191
923324235153
923364556566
923048806448
923444966737
923320407062
923004466986
923214698978
923078365420
923349931501
923204599688
923406024229
923027730123
923364285685
923070072623
923024058027
923452457055
923234776391
923364066111
923364000229
923217978714
923342429205
923355469995
923480772496
923314000030
923134385065
923234858837
923204174670
923316047072
923366062559
923209409389
923088045982
923215692015
923045958638
923249484542
923214957606
923104611673
923244141953
+9234674456
923211001666
923009445907
923004710733
923244633205
923494684321
923319507761
923328340630
923024214896
923075432167
923310141444
923064595541
923331217721
923328473873
923314925060
923336881927
923164557584
923234227525
923224908011
923016053139
923314596376
923245054850
923214814532
923330431492
923214011563
923224999004
923174492565
923014522672
923215558228
923133694199
923388674374
923054668887
923144278224
923244869922
923214369021
923334094559
92224507583
923371441331
923494745533
923049514289
923234580005
923044630199
923328490077
923084966664
92300502433
923134106617
923224233313
923124355578
923226040608
923046636812
923204687672
923348097981
920013249451649
923060480072
923475730309
923454040403
923224113534
923004881837
923054943346
923174402081
923108443938
923200426747
923211111758
923060763400
923126627467
923008145661
923044569263
923368441218
923054834299
923351697173
923314879257
923215766078
923244644422
923485986641
923425796811
923344126820
92304801914
923344440204
923367142847
923318821218
923007690909
923344640885
923350434131
923435777230
923349745635
923346667067
923244327732
923078312268
923018496866
923204130333
923004652488
923076002259
923204655775
923224072798
923430148983
923237800333
923014895311
923047779289
923007867339
923324320662
923034410114
923374900944
923364491475
923214863653
923044442528
923004724585
923227950889
923028490720
923216819595
923224527325
923425192695
923244885635
923224524073
923154804632
923228083036
923008432449
923347169415
923224027175
923060671567
923044647511
923314942477
923227276608
923370492034
923454680745
923414600846
923366585440
923464455005
923135377000
923444557976
923174029419
923245273735
923154209619
923066485656
923356332484
923337745711
923004337363
923014127204
923216842593
923224118818
923054405864
923006378020
923334255468
923216809263
923088402763
923134851198
923474885105
923364108369
923111905253
923134305729
923211418143
923070442050
923219447842
923227857777
923076811664
923028401399
923008872574
923424711186
923334170446
923095511923
923061652474
923494998459
923224263793
923216921154
923104065833
923004258482
923000857990
923074507777
923002441935
923014444047
923018442582
923367094168
923044488111
923002761164
923364126963
923040429896
923354196059
923351462952
923317945688
923227570278
923217519104
923164950920
923314379662
923310427702
923219990992
923000786238
923228441375
923004882211
923334207587
923350428991
923494886707
923226507173
923349772721
923215537031
923244115036
923099993773
923224752884
923078108055
923134333639
923038318616
923314699568
923324349647
923097878458
923322221004
923018402497
923238978885
923335063090
923016690101
923334988279
923004696800
923225226014
923009419727
923214044921
923214945576
923204082242
923314298466
923224274352
923214796812
923244126159
923124509390
923004189653
923244224205
923230428017
923223238838
923200473199
923030475204
923334266831
923120686777
923200499799
923311473454
923361111235
923004159702
923064783700
923306928229
923008447971
923218481893
923334881144
923485977900
923334897688
923224817814
923334047012
923400035079
923004487956
923488394993
923204885814
923064389159
923224410457
923044485562
923416930054
923000957374
923004472824
923024322152
923314500582
923012542488
923228899096
923214964975
923235203242
923145470257
923246551565
923067687584
923222221535
923228423136
923454294426
923077024384
923039496307
923144456122
923086475078
923344612029
923314149455
923077707836
923214349397
923344196208
923317136001
923231480723
923314098498
923438500500
923401211280
923234983460
923230047439
923000436331
923054321585
923244612879
923467834936
923204584872
923076886616
923094298699
923034126706
923329307718
923214901041
923234489529
923174033296
923017299064
923208452986
923230011998
923214645284
923214776161
923204590618
923216455466
923217373126
923244783786
923219454883
923070519754
923244365158
923348187823
923332413331
923018403000
923218898862
923004448463
923244411424
923164092564
923135008822
923344304220
923144982835
923217714890
923219944055
923313199046
923336833199
923427277279
923214560945
923336634999
923069809655
923164912164
923364060926
923061560420
923224332305
923354030990
923352229494
923318471700
923000776679
923060450245
923200458187
923403802974
923324502606
923326529617
923215846080
923047762609
923009731331
923074377674
923026447654
923224767243
923216580609
923064346066
923134733367
923434911756
923161404114
923034248803
923094039796
923425588350
923044924120
923224330566
923244378389
923156737376
923200457209
923444821927
923204006255
923310494879
923324136668
923248999554
923316250668
923088230039
923314794513
923087262223
923334080538
923414445960
923354108264
923247678795
923324677578
923224073217
923214498473
923204786744
923249849109
923249755091
923316748757
923222000737
923211680882
923217998321
923244109830
923334597550
923120188633
923244055663
923344949960
923234545282
923014747277
923214990993
923444357181
923334193213
923314814887
923334573137
923244441879
923018468125
923000420291
923040855199
923094565157
923344294222
923451037773
923224063027
923454737554
923367559786
923024515170
923064466133
923044868233
923487786775
923238166955
923219415612
923344153646
923405199464
923004006611
923004980989
923214911400
923178119717
923367177587
923330140731
923219417871
923234157479
923344065087
923201462707
923094623754
923024684952
923493033403
923074721488
923007649277
923314741767
923224587341
923164551187
923365683820
923200447414
923244572065
923206897732
923244814911
923244921377
923431837936
923227432056
923336047516
923464389398
923044422161
923228035632
923024385456
923157757118
923324279565
923104426737
9230344837868
923234967107
923314697720
923024787418
923218888461
923498687084
923200460762
923234751688
923134091965
923377451479
923029793002
923004128639
923314982490
923317273344
923209538051
923005518505
923064444241
923336666103
923217889732
923313000025
923224960386
923217149033
923215803436
923244613711
923099903339
923364354503
923009428610
923214889663
923367364029
923028122779
923034266459
923216615682
923224473930
923334528616
923008660356
923334645587
923214307214
923204198499
923214009763
923134769889
923401944003
923152261997
923377160215
923314548806
923338224747
923017326300
923325099668
923454738946
923104335061
923219393849
923333722304
923346843232
923364815911
923164532636
923367404889
923449111448
923314507971
923204603553
923322920739
923334755358
923034229194
923238863767
923336716865
923204002090
923218814457
923234804382
923244903379
923324811103
923497407798
923244170393
923324866726
923236128094
923160483720
923023136136
923084571318
923054579144
923223600581
923219887987
923338374556
923224971628
923344055987
923044174362
923234450797
923244311923
923234172399
923214606631
923077777907
923334706403
923485918078
923154139215
923478176209
923406119611
923343373308
923324111013
923460432292
923238897470
923004111013
923326435285
923328176834
923224266015
923244067637
923218486493
923060308228
923334714158
923354567765
923313681399
923005475961
923063337565
923400122673
923060040100
923214889336
923244478432
923234792166
923204792133
923234750548
923234416719
923057775107
923205467673
923430595161
923429900117
923344448420
923244847451
923214321854
923234328691
923214191794
923064333141
923204131831
923013066786
923336665926
923334566136
923064700663
923324698524
923244458578
923004735951
923320800425
923008459365
923110115750
923144068464
923048121576
923327335891
923378648864
923100227710
923156901193
923161794428
923231433333
923336236947
923204505484
923314788250
923478420530
923336911159
923324315338
923244563254
923114977762
923136770495
923094687319
923367441199
923212220808
923004209596
923446677510
923007121000
923068194462
923218413522
923044141119
923225558575
923368899891
923337652655
923041038725
923208469600
923164222803
923351409042
923077895982
923200000133
923468224130
923234466707
923201489219
923358452748
923364164504
923319697811
923401440538
923073214131
923004840976
923214074475
923338268847
923364441217
923017020878
923207378475
923153330238
923377510370
923006909707
923089391420
923078279263
923314649106
923034897944
923024874267
923334385104
923231418038
923477316870
923357466633
923439639226
923330455651
923117370138
923008826688
923164433528
923084177923
923224777430
923354434542
923326586898
923049683960
923444108654
923224088991
923404597642
923457477764
923022283335
923245682006
923414679165
923216923157
923218488051
923158449997
923349937576
923214861975
923234333027
923055347160
923216509872
923214652192
923324741272
923336545415
923455312462
923204421934
923364757751
923205453733
923015984663
923086555346
923178111297
923336161800
923077024969
923004103808
923012222888
923319627725
923074793867
923039665948
923446026487
923472533303
923114334371
923214764143
923127950074
923006551602
923351187568
923130708269
923351310000
923124651811
923041246415
923075207158
923214708419
923161456361
923424171718
923164334334
923214663094
923088888500
923414400349
923344213304
923204025242
923244197523
923201414702
923324575392
923404082027
923214567574
923026449192
923345151477
923233595258
923074869272
923008434843
923224363920
923244423456
923123939915
923094194375
923004703816
923235162727
923364496315
923368782521
923174836795
923034443390
923364619874
923244215316
923231482371
923204605576
923328326647
923224461255
923317402008
923244102767
923205517426
923228000789
923024144656
923002864984
923334487425
923321435872
924237282226
923224382676
923336303408
923130292164
923244230950
923042183716
923008828639
923217733313
923009478772
923024488548
923214474906
923365726828
923004556130
923070748495
923204403607
923366655225
923334606112
923374815502
923130356888
923164399702
923314476573
923204135399
923218800608
923208882212
923316342768
923338428119
923224440212
923039733166
923088303660
923349380743
923321479443
923164315353
923216559444
923054111179
923241012477
923215996406
923349657701
923328401308
923043253384
923008688300
923364166218
923334300969
923066818362
923033681111
923111724448
923474642295
923238668888
923034048050
923129449669
923400022101
923085791899
923214935993
923495081807
923334141030
923328949664
923039007027
923214490304
923364081466
923074901207
923218467278
923040077801
923354400862
923218483775
923237813133
923331878228
923036755485
923063190000
923008771877
923351863985
923224994482
923249480169
923437001001
923034388366
923334521405
923364979944
923374662263
923348239899
923054634888
923364979955
923008887101
923209418417
923352911996
923364963399
923086960696
923018408799
923359088892
923334946959
923174473340
923234887246
923338124642
923214988679
923004200369
923034242988
923314111945
923134300523
923324111194
923132406222
923007309582
923120720140
923217079961
923049446965
923336483406
923485499228
923206000004
923014694158
923248444455
923328446053
923039468789
923130764651
923174051290
923207377406
923400886751
923244377830
923442244580
923024211451
923344145259
923338444960
923056913174
923314114660
923008087974
923224700083
923244176769
923334671582
923227408821
923014969711
923366559980
923444396673
923314766879
923214236278
923237683106
923214125364
923056988785
923356821233
923004116864
923215980839
923317911115
923231489778
923087687271
923324626414
923144067624
923104341730
923414740311
923064001217
923356742900
923338102728
923174213259
923076444522
923426997000
923351627617
923084257614
923036999079
923334400498
923217642642
923034108194
923346929419
923004344404
923209427309
923238895005
923152735052
923244494019
923331048171
923247483106
923400493540
923051234316
923444254723
923246889226
923211495291
923204346459
923084339423
923044702638
923015379960
923042813479
923004000236
923028117882
923234778633
923201478437
923454848883
923110047635
923214793475
923164461616
923368901527
923003400558
923444543924
923228441469
923246041183
923224839459
923103237774
923406192949
923234845665
923354107596
923214844973
923014107899
923314737357
923327594120
923042854008
923228089397
923014236440
923163034908
923144987401
923076883173
923078864912
923335599633
923218441783
923340448800
923008019966
923314843235
923214217157
923238885431
923314833047
923028445442
923006126081
923040068081
923004889815
923136608174
923044622735
923070454356
923150180119
923244446212
923363232100
923246276600
923331410983
923128248733
923224881669
923024819507
923042667651
923334660779
923216586827
923344432529
923314253107
923339200244
923496200475
923244404892
923244135757
923004280032
923314933781
923164469556
923231419810
923364311421
923338675332
923229463630
923068616956
923329921458
923048507884
923014432013
923126502230
923211441994
923344785136
923340079171
923336783061
923347720808
923214249319
923234673917
923004797120
923044452945
923214350667
923018176199
923351646236
923015083864
923000222172
923238049943
923324335248
923174308754
923424002250
923211147248
923324776832
923004500482
923224846144
923329053767
923106655966
923446620600
923208437297
923458606477
923316407255
923069700134
923234892299
923138424211
923318880205
923462416404
923111330532
923200117241
923004497052
923484443949
923324797376
923006083792
923431444099
923451477238
923022728878
923062451786
923340722446
923165186116
923324610397
923070018478
923214989388
923201419579
923201491271
923332171640
923041485063
923355514494
923238485222
923180428860
923007988927
923104980147
923086448699
923446103934
923114281055
923114335543
923014169987
923244400874
923354642469
923214835775
923205452545
923310044878
923008191095
923214600689
923324718144
923060451452
923117193978
923205313188
923124450091
923214292114
923214057166
923351227999
923164105918
923056477989
923368506677
923328322223
923333311755
923008425258
923204056804
923040056511
923316351704
923242234335
923364224766
923044862486
923044742652
923364142051
923229479502
923216361696
923214258357
923104407313
923134959011
923317739443
923334234059
923204525199
923244256697
923213906000
923244455551
923084643860
923344963394
923014141539
923234979650
923248487218
923008894881
923334125051
923364738800
923084836583
923204447666
923328075409
923367429290
923064442666
923338549844
923213657927
923214041573
923224767637
923467876763
923200401772
923004068077
923335042227
923246053066
923354936546
923314850001
923042345649
923212218889
923004434563
923209441391
923224803991
923404597559
923214851445
923215470075
923214647819
923484140738
923074210069
923124026426
923457354830
923234824939
923324078239
923334442600
923321485706
923228079440
923238175090
923338615856
923204553773
923238453499
923478419223
923068412131
923218132871
923494700547
923347970527
923334868913
923025902256
923096962258
923231495537
923425992048
923008817334
923217770186
923214829244
923354281396
923214378113
923207290899
923118900333
923214454964
923344229668
923314831525
923046517544
923447483935
923317746667
923314400698
923315116607
923338611665
923214303749
923458322697
923039682049
923206500666
923334433436
923211680954
923158999470
923345234562
923044337955
923234191902
923324599944
923364136001
923366047243
923443893104
923410785261
923374959975
923227272709
923088049594
923026609007
923224671456
923018031741
923246535797
923224447190
923349706273
923074217643
923415157762
923227776653
923214347321
923018867007
923217040769
923354020627
923234531139
923211647777
923334339389
923115572525
923069257654
923113777733
923027391865
923234169391
923356200913
923037289778
923314619940
923214270320
923009279977
923314986369
923374666621
923224684550
923236422519
923234374287
923234899979
923138051629
923062687287
923201483524
923209448000
923224908022
923070488415
923230114841
923214420872
923174033748
923054078293
923347952972
923045171767
923041160632
923339278888
923044569347
923078416947
923113949125
923217207369
923368444539
923227070753
923454409983
923224906602
923217927321
923118630441
923214663922
923355487777
923484493688
923064065901
923364022303
923247723250
923314031939
923348427271
923227166103
923224706602
923224951209
923214440947
923204848290
923312488801
923056111227
923054840694
923334310134
923224108342
923214214613
923244139193
923089226957
923214729356
923018450915
923044435922
923494749778
+9273327106
923088374817
923224047531
923338435551
923334754382
923334139775
923114401573
923322333051
923424319027
923014189926
923219147214
923346900878
923216947054
923328604630
923214003053
923118453911
923351450792
923003739630
923227174841
923244721722
923127392789
923310049059
923104711296
923374833632
923355795998
923430345197
923330641529
923009559926
923044939361
923244058469
923014728261
923004331325
923338048969
923225858580
923044831879
923334055135
923334055134
923038463499
923114305950
923014726119
923224482110
923321794925
923336561511
923004250801
93057210672
923024306898
923218826785
923212292848
923315566412
923104642424
923454560464
923075635685
923217179774
923124404084
923244508993
929230266296
923226028419
923088409675
923344151656
923069759877
923200400959
923214986862
923343443711
923009442892
923224600340
923248453163
923224494379
o3214421551
923214917534
923364434374
923094192739
923244950544
923014072620
923045877588
923004118734
923454127176
923362439193
923064506034
923367350426
923234823024
923345278546
923124036556
923040999232
923078801805
923214669261
923338324459
923074255875
923244947532
923314772234
923238485382
923345618545
923344354568
923214193692
923324567392
923334506866
923426745188
923231414992
923069785204
923344311138
923334425251
923331453679
923084448571
923009424191
923344282317
923336714908
923114955503
923218138169
923214352010
923214646879
923224322599
923349396672
923244360338
923000361998
923248448344
923353309406
923244480606
923004742849
923346956762
923219010060
923448400906
923346677717
923454032122
923222226832
923214478593
923060591238
923234677468
923334361332
923164694351
923344499219
923134239252
923334225545
923214532763
923244613443
923366948505
923314630868
923239349891
923350044410
923334134911
923336276674
923456133302
923214835968
923034445984
923117191518
923440046273
923200045885
923318660525
923216537956
923028040769
923214669489
923008615302
923004035837
923364507266
923338401193
923233923939
923219493132
923204357247
923018447089
923004823382
923344331116
923217773317
923204759779
923314108672
923034706673
923494372293
923420149458
923244980939
923234555238
923216414429
923135703934
923231418552
923244725003
923070481630
923047276876
923319242076
923017666863
923034479149
923166011732
923214565894
923364764818
923214031972
923242220277
923338004315
923214539355
923342717849
923033376696
923044717067
923327776079
923234941118
923234433536
923452478459
923164437821
923475457899
923334458609
923204848009
923334404741
923457431951
923224562776
923055434345
923064828296
923046849181
923332621600
923489400356
923326143126
923346008809
923327670740
923314104479
923421886598
923438960760
923108270665
923023452034
923445577855
923072737433
923348406046
923214681498
923222223397
923131812525
923480237073
923337733361
923094562487
923000852907
923462751568
923200773455
923334155098
923249458035
923337579860
923217719151
923154401172
923085853585
923316840555
923229709814
923224823913
923084444687
923314637551
923049285939
923231484398
923099643056
923211777666
923318785665
923036042030
923333302720
923039537944
923234696787
923346660850
923476078748
923024087384
923177658328
923488410786
923164083322
923219578071
923224060672
923044892369
923044965960
923320420000
923484493879
923114493900
923354099737
923110900789
923118014537
923474217929
923018495452
923060081474
923055240866
923354021004
923216575980
923347311727
923071205451
923454755157
923314947322
923159299570
923475648604
923006668854
923074109915
923324027900
923218727410
923216002879
923217817865
923238421244
923217996356
923336961020
923224107284
923218483148
923457806755
923334177499
923207891591
923028999799
923239345941
923034241803
923374850144
923041153730
923114054237
923204827768
923124121337
923006166138
923244447456
923346199932
923065173077
923086331357
923415237212
923249713796
923224273127
923222000222
923240010884
923351821516
923014335318
923216060987
923406299350
923004705223
923218600115
923401357393
923087590345
923123880044
923044300428
923344111421
923047882110
923029408915
923359032902
923177003389
923214794885
923119393931
923474021252
923345456363
923214997708
923361227857
923344641527
923115067761
923315170037
923000846003
923005460999
923074164133
923214165703
923367486089
923204779453
923244107439
923324653557
923217460839
923160458787
923316548445
923219464600
923314993520
923052230973
923214878646
923484242290
923119712552
923134407600
923496300424
923233332234
923334490096
923164456618
923231432353
923080496107
923076500782
923069896981
923430856073
923248759425
923335337878
923364662235
923009416471
923074440888
923354167105
923374935355
923005287024
923204862012
923363155565
923362189669
923228493494
923218445511
923438844859
923311424604
923474164224
923204327198
923334472667
923054135007
923214841881
923227789118
923349793990
923248400531
923310473490
923004611891
923349957598
923008455472
923214172077
923224622081
923224760945
923054306207
923213696565
923427000817
923004432637
923234242462
923204673309
923401566616
923026080059
923354914574
923464573956
923344326234
923211043897
923244920042
923164160571
923234774472
923214889636
923344513513
923016230004
923364064283
923214169655
923224343317
923084333728
923324848294
923350495706
923341816114
923314481567
923164217700
923056250583
923008486968
923038902888
923324256668
923324137357
923049607978
923334126576
923330466969
923234834524
923204151899
923316826299
923314560933
923349877107
923205353591
923418540454
923088356658
923052772710
923064737551
923361018437
923124341924
923446166738
923006334898
923366607979
923352175055
923204119396
923164090566
923351591180
923221421801
923009422190
923214004218
923174031400
923224779883
923487226176
923217696979
923049690299
923244716260
923004249916
923312363337
923477142331
923218850925
923054668089
923338999086
923364757632
923228077274
923208431296
923074000939
923334609700
923436294909
923009478712
923074122226
923335617201
923054556393
923217179392
923025466272
923080962071
923201411052
923214278878
923454556155
923051800023
923336813424
923014357734
92324600585
923334663009
923332334249
923007509292
923247644487
923204690590
923327460948
923004231084
923227575485
923224497265
923122632882
923234600966
923184076238
923018289884
923214803286
923450952991
923368414436
923204646708
923244448984
923008333111
923351948880
923204480012
923344406926
923224640259
923249781514
923086447373
923357940006
923360437505
923468099561
923349733235
923339222323
923497572473
923402121720
923367777111
923324777733
923349399262
923247777111
923034123473
923407353000
923211680580
923337600059
923366611543
923491467824
923325564013
923347946035
923129755937
923165721660
923355824444
923457422204
923164243823
923029518032
923009491006
923030598004
923094503245
923234450587
923334134757
923096989550
923234559669
923246636628
923314953237
923231454007
923219418822
923218845073
923334410154
923204464998
923314541476
923364739369
923152266928
923337951196
923064441237
923467777116
923368770422
923084308432
923008443092
923324220844
923217930739
923245050981
923238811838
923234066836
923247755717
923404589264
923206486800
923334905143
923054057957
923062145558
923357892010
923154073181
923485330390
923083397740
923379700997
923008695446
923052150000
923216900999
923034074058
923231482161
923220000194
923089131145
923364570022
923334554315
923017507217
923224007076
923144474971
923014630607
923316359581
923014946609
923057488155
923072601823
923044498335
923114010371
923361994779
923008857771
923097748779
923334399931
923014816668
923437507772
923097286002
923216823245
923071644791
923037003823
923006960684
923334174092
923052047004
923078713911
923034120379
923475229993
923175989285
923453204556
923014153911
923228004370
923009406486
923244425258
923244141156
923017475596
923134219721
923249470937
923076187437
923008100313
923005064452
923204900144
923237409997
923096732579
923114529214
923354895212
923376112829
923114677160
923333894629
923319659813
923023309193
923468003854
923016449974
923370440194
923000952369
923336310999
923464003877
923060366389
923343767405
923249006742
923004161246
923004547046
923403139035
923244897963
923344904871
923134843884
923478719879
923158330676
923368448590
923108649656
923443582706
923234942317
923344123964
923484159649
923365503597
923491472942
923324563433
923244609904
923164914732
923137361704
923340166604
923094621796
923213530080
923304188348
923334608866
923461042701
923025084119
923334721888
923018441174
923213344294
923027822299
923478452902
923004438880
923164659618
923002984839
923234221085
923429730000
923117309546
923234966832
923009402900
923354335965
923330555043
923169351483
923229317119
923204740087
923000880419
923006034445
923117593312
923008540250
923218636123
923174684257
923366666203
923362441604
923364504066
923644884410
923004007672
923216814770
923330761925
923117712223
923016861529